lat: -33.417988
long: -70.607224